0,51
0,315
2,5
2,3
0,50
0,314
1,3
26,2
0,49
0,313
0,48
0,312
26,3
26,4
2,0
1,0
4,1
4,3
4,0
52,5
52,4
52,3
52,2
52,1
52,0
50,5
50,4
50,3
50,2
50,1
31,3
31,1
19,3
19,1
16,3
16,1
12,3
12,1
6,4
6,1
5,3
5,1
2,4
2,1
1,1
26,1
26,0
0,9
0,310
0,305
0,308
0,304
0,303
0,302
0,307
0,12
0,10
0,8
0,0
0,431
0,300
0,430
0,299
0,429
0,298
0,428
0,297
0,427
0,296
0,426
0,295
0,425
0,294
0,424
0,293
0,423
0,292
0,422
0,291
0,421
0,290
0,420
0,289
0,419
0,288
0,437
0,287
0,417
0,286
0,416
0,285
0,418
0,284
0,415
0,283
0,414
0,282
0,413
0,281
0,412
0,280
0,411
0,279
0,410
0,278
0,436
0,277
0,435
0,276
0,409
0,275
0,407
0,274
0,406
0,273
0,405
0,272
0,404
0,271
0,403
0,270
0,434
0,269
0,402
0,268
