4294967278,293
4294967278,292
4294967278,291
4294967294,403
4294967279,293
4294967279,292
4294967279,291
4294967279,290
4294967278,290
4294967279,289
4294967278,289
4294967279,288
4294967279,287
4294967278,288
4294967278,287
4294967279,286
4294967278,286
4294967278,285
4294967279,285
4294967279,284
4294967278,284
20,6
4294967279,283
20,5
4294967278,283
20,4
4294967279,282
20,3
20,2
20,1
20,0
4294967279,281
4294967278,282
4294967278,281
4294967278,280
4294967279,280
4294967278,279
4294967279,279
4294967279,278
4294967278,278
4294967279,277
4294967278,277
4294967278,276
4294967279,276
19,6
4294967279,275
19,5
4294967278,275
19,4
4294967279,274
19,3
19,2
19,1
19,0
4294967278,274
4294967279,273
4294967278,273
4294967279,272
4294967278,272
4294967279,271
4294967279,270
4294967279,269
4294967278,271
4294967279,268
4294967279,267
4294967278,270
4294967278,269
4294967279,266
18,6
4294967278,268
18,5
4294967279,265
18,4
4294967278,267
18,3
18,2
18,1
18,0
4294967279,264
4294967278,266
4294967279,263
4294967279,262
4294967278,265
4294967279,261
4294967279,260
17,8
4294967278,264
4294967279,259
17,7
4294967279,258
4294967278,263
4294967279,257
4294967278,262
4294967279,256
17,6
17,5
17,4
17,3
17,2
17,1
17,0
4294967278,261
4294967278,260
4294967279,255
4294967278,259
4294967279,254
4294967278,258
4294967279,253
4294967278,257
4294967279,252
4294967278,256
4294967278,255
4294967279,251
4294967279,250
4294967278,254
4294967279,249
4294967278,253
4294967278,252
4294967279,248
16,6
4294967278,251
16,5
4294967279,247
16,4
4294967278,250
16,3
16,2
16,1
16,0
4294967278,249
4294967279,246
4294967279,245
4294967279,244
4294967279,243
4294967278,248
4294967278,247
4294967279,242
15,6
4294967278,246
15,5
4294967279,241
15,4
4294967278,245
15,3
15,2
15,1
15,0
4294967278,244
4294967279,240
4294967278,243
4294967278,242
4294967279,239
4294967279,238
4294967279,237
4294967278,241
4294967279,236
4294967278,240
4294967279,235
4294967278,239
4294967279,234
4294967278,238
4294967278,237
4294967279,233
14,4
4294967278,236
14,3
14,2
14,1
14,0
4294967279,232
4294967278,235
4294967279,231
4294967278,234
4294967279,230
4294967278,233
4294967279,229
4294967278,232
4294967279,228
4294967278,231
4294967279,227
4294967279,226
4294967279,225
4294967278,230
13,4
4294967279,224
13,3
13,2
13,1
13,0
4294967278,229
4294967279,223
4294967279,222
4294967278,228
4294967279,221
4294967279,220
4294967278,227
4294967279,219
4294967279,218
4294967278,226
3,7
4294967278,225
4294967279,217
4294967278,224
4294967278,223
4294967279,216
4294967279,215
4294967278,222
3,6
4294967278,221
4294967279,214
3,5
4294967278,220
4294967279,213
4294967278,219
4294967279,212
4294967278,218
4294967279,211
4294967278,217
4294967279,210
4294967279,209
4294967278,216
4294967278,215
4294967279,208
4294967278,214
4294967278,213
4294967279,207
12,5
4294967279,206
12,4
12,3
12,2
12,1
12,0
4294967278,212
4294967279,205
4294967279,204
4294967278,211
4294967279,203
4294967278,210
4294967279,202
4294967278,209
4294967278,208
4294967278,207
4294967279,201
11,5
11,4
11,3
11,2
11,1
11,0
4294967279,200
4294967279,199
4294967279,198
4294967279,197
4294967278,206
4294967279,196
4294967278,205
4294967279,195
4294967278,204
4294967279,194
4294967278,203
4294967279,193
4294967279,192
4294967278,202
4294967278,201
4294967279,191
4294967278,200
4294967278,199
4294967279,190
4294967278,198
4294967278,197
10,5
